1 0 6
2 1 3
3 2 2
4 3 6
5 4 9
6 5 6
7 6 3
8 7 2
9 8 2
10 9 6
11 10 3
12 11 3
13 12 1
14 13 1
15 14 1
16 15 3
17 16 1
18 17 1
19 18 3
20 19 6
21 20 6
22 21 9
23 22 2
24 23 3
25 24 1
26 25 9
27 26 9
28 27 1
29 28 9
30 29 6
31 30 6
32 31 1
33 32 3
34 33 6
35 34 9
36 35 9
37 36 9
38 37 3
39 38 2
40 39 9
41 40 2
42 41 9
43 42 6
44 43 2
45 44 9
46 45 3
47 46 1
48 47 2
49 48 1
50 49 1
51 50 6
52 51 6
53 52 9
54 53 3
55 54 1
56 55 9
57 56 3
58 57 2
59 58 2
60 59 9
61 60 6
62 61 9
63 62 3
64 63 9
65 64 9
66 65 6
67 66 1
68 67 6
69 68 6
70 69 6
71 70 3
72 71 6
73 72 6
74 73 2
75 74 6
76 75 9
77 76 2
78 77 6
79 78 9
80 79 2
81 80 2
82 81 6
83 82 3
84 83 9
85 84 6
86 85 1
87 86 2
88 87 6
89 88 6
90 89 6
91 90 6
92 91 9
93 92 6
94 93 1
95 94 3
96 95 2
97 96 2
98 97 1
99 98 6
100 99 9
